   0.0000000e+00   2.7010789e+00
   4.3869830e+00   2.9956783e-21
   1.0858385e+01   4.2106578e+00
   0.0000000e+00   0.0000000e+00
   0.0000000e+00   0.0000000e+00
   0.0000000e+00   0.0000000e+00
   0.0000000e+00   0.0000000e+00
   9.1011650e+00   6.7058341e+00
   3.1910969e+00  1.6703030e-168
   2.7429080e+01   8.7094628e+00
   7.3267292e+00   6.1229941e-71
   4.3869830e+00   2.3348673e-20
   1.3928059e+01   7.5689174e+00
   4.3869830e+00   3.2291301e-20
   9.3367301e+00   4.8910777e+00
   4.3869830e+00   3.0969365e-20
   1.2782547e-63   2.3273900e+00
   2.0656817e+01   1.4209047e-03
   1.3928059e+01   7.5689174e+00
   1.0150236e+00   0.0000000e+00
   3.1910969e+00  2.1660411e-168
   1.1934911e+01   9.9184760e+00
   7.3267292e+00   2.3923311e-71
   7.3267292e+00   2.6195846e-71
   1.3928059e+01   7.5689174e+00
   0.0000000e+00   0.0000000e+00
   1.0150236e+00   0.0000000e+00
   1.0150236e+00   0.0000000e+00
   0.0000000e+00   2.7038886e+00
   4.3869830e+00   4.6721523e-20
   4.3869830e+00   3.4077821e-20
   4.3869830e+00   5.2129545e-20
   2.0656682e+01   1.6545144e-03
   1.1934911e+01   9.9184760e+00
   4.3869830e+00   4.9506657e-20
   1.3928059e+01   7.5689174e+00
   3.7876951e+00   1.5086704e+00
   4.3869830e+00   4.1898312e-20
   3.2691260e+00   7.4484656e-01
   7.3267292e+00   5.4438553e-71
   0.0000000e+00   0.0000000e+00
   3.1910969e+00  1.2536890e-168
   1.3928059e+01   7.5689174e+00
   3.2691611e-18   3.3623672e+00
   2.5987056e+01   1.3443814e+01
   1.3374286e-78   2.9209412e+00
   6.8749766e-64   2.3273900e+00
   1.8610305e+01   1.8703290e+01
   0.0000000e+00   0.0000000e+00
   2.2540236e+01   1.5296503e+01
   3.1910969e+00  5.0289044e-168
   1.2809770e+01   4.2253150e+00
   9.3367301e+00   4.8910777e+00
   1.2447735e+01   3.3812068e+00
   1.2809770e+01   4.2253150e+00
   1.0858385e+01   4.2106578e+00
   4.9015497e+00   1.3569894e+01
   9.1011650e+00   6.7058341e+00
   0.0000000e+00   0.0000000e+00
   4.3869830e+00   4.5064976e-20
   0.0000000e+00   0.0000000e+00
   1.0150236e+00   0.0000000e+00
   1.3928059e+01   7.5689174e+00
   9.1011650e+00   6.7058341e+00
   7.3267292e+00   2.5864562e-71
   8.5240028e+00  1.0958834e-187
   7.3267292e+00   3.8534243e-71
   1.3928059e+01   7.5689174e+00
   3.1910969e+00  7.2790630e-168
   3.7285669e+01   9.5332076e+00
   0.0000000e+00   0.0000000e+00
   8.5240028e+00  7.2271129e-187
   1.4260111e+01   3.4785217e+00
   2.5144686e+01   1.0260404e+01
   2.1760732e+00   3.2706335e-31
   1.1934911e+01   9.9184760e+00
   1.2809770e+01   4.2253150e+00
   5.3449446e-10   6.2004288e+01
   1.3928059e+01   7.5689174e+00
   9.1011650e+00   6.7058341e+00
   4.0922033e-01   6.3435741e+01
   4.3869830e+00   2.2652431e-20
   8.5240028e+00  1.7539509e-186
   1.2809770e+01   4.2253150e+00
   1.3135627e-02   7.1809436e+01
   4.3869830e+00   4.1501707e-20
   0.0000000e+00   8.5795640e+00
   2.5722757e+01   1.9041061e+01
   4.3869830e+00   3.1723544e-20
   1.1934911e+01   9.9184760e+00
   0.0000000e+00   0.0000000e+00
   4.3869830e+00   4.8927230e-20
   0.0000000e+00   0.0000000e+00
   1.8996882e+01   1.2321970e+00
   0.0000000e+00   0.0000000e+00
   1.3928059e+01   7.5689174e+00
   4.3869830e+00   3.0511916e-20
   2.5283754e+01   6.8023162e+00
   9.1011650e+00   6.7058341e+00
   2.3946803e+01   1.5351543e+01
   1.1934911e+01   9.9184760e+00
   1.0150236e+00   0.0000000e+00
   9.3367301e+00   4.8910777e+00
   2.0656662e+01   1.6896792e-03
   1.9874420e+01   2.2494882e-33
   9.1011650e+00   6.7058341e+00
   0.0000000e+00   0.0000000e+00
   4.3869830e+00   3.4951639e-20
   4.3869830e+00   1.1889936e-20
   4.3869830e+00   2.2030934e-20
   0.0000000e+00   0.0000000e+00
   1.1934911e+01   9.9184760e+00
   4.3869830e+00   7.8290311e-21
   1.2447735e+01   3.3812068e+00
   1.8996880e+01   1.2321996e+00
   1.6515414e+00   2.1228078e+01
   4.3869830e+00   2.7243450e-20
   9.1011650e+00   6.7058341e+00
   8.5240028e+00  2.6437770e-186
   1.0188492e+01   9.9277154e+00
   1.1934911e+01   9.9184760e+00
   3.8806000e+00   7.2865765e+00
   4.3869830e+00   5.7130999e-20
   0.0000000e+00   0.0000000e+00
   0.0000000e+00   2.7038886e+00
   0.0000000e+00   0.0000000e+00
   1.3106629e+00   1.5518149e+00
   9.3367301e+00   4.8910777e+00
   1.3928059e+01   7.5689174e+00
   0.0000000e+00   0.0000000e+00
   1.5710423e+01   3.3767418e+00
   0.0000000e+00   0.0000000e+00
   1.3106629e+00   1.5518149e+00
   0.0000000e+00   0.0000000e+00
   1.0150236e+00   0.0000000e+00
   1.1247031e+01   3.6594661e+00
   0.0000000e+00   0.0000000e+00
   0.0000000e+00   0.0000000e+00
   7.3267292e+00   1.3991408e-72
   0.0000000e+00   2.7038886e+00
   7.3267292e+00   2.6945539e-71
   7.3267292e+00   3.0282822e-71
   3.1910969e+00  2.8927630e-168
   3.1910969e+00  2.7928540e-168
   1.1934911e+01   9.9184760e+00
   3.1910969e+00  1.1029602e-167
   2.7205698e+01   1.2983798e+01
   0.0000000e+00   5.9355116e-01
   1.8996880e+01   1.2322004e+00
   0.0000000e+00   0.0000000e+00
   0.0000000e+00   2.1103375e+00
   1.1861126e+01   1.6356648e-15
   1.3928059e+01   7.5689174e+00
   0.0000000e+00   0.0000000e+00
   0.0000000e+00   0.0000000e+00
   0.0000000e+00   0.0000000e+00
   0.0000000e+00   0.0000000e+00
   7.3267292e+00   2.3401536e-71
   1.3928059e+01   7.5689174e+00
   0.0000000e+00   0.0000000e+00
   9.3367301e+00   4.8910777e+00
   1.8346087e+01   3.1884662e-01
   1.5057990e+01   2.2707701e+00
   9.3367301e+00   4.8910777e+00
   4.3869830e+00   3.1464831e-20
   4.3869830e+00   4.8639277e-20
   0.0000000e+00   0.0000000e+00
   4.3869830e+00   2.9261126e-20
   0.0000000e+00   0.0000000e+00
   2.3808921e+01   8.0136209e+00
   9.5617633e+00   4.0335002e+01
   4.3869830e+00   2.2274534e-20
   4.3869830e+00   3.0034390e-20
   0.0000000e+00   0.0000000e+00
   1.5710423e+01   3.3767418e+00
   4.3869830e+00   4.5590236e-20
   7.3267292e+00   2.9055007e-71
   2.3946803e+01   1.5351543e+01
   9.1011650e+00   6.7058341e+00
   2.2581998e+01   1.2932288e+01
   1.1934911e+01   9.9184760e+00
   0.0000000e+00   0.0000000e+00
   0.0000000e+00   0.0000000e+00
   3.3979403e+00   3.7563581e+00
   0.0000000e+00   0.0000000e+00
   0.0000000e+00   0.0000000e+00
   7.3267292e+00   3.9587730e-71
   9.1011650e+00   6.7058341e+00
   2.3946803e+01   1.5351543e+01
   1.1934911e+01   9.9184760e+00
   0.0000000e+00   0.0000000e+00
   8.5240028e+00  2.2084795e-186
   3.1910969e+00  1.2251266e-168
   0.0000000e+00   0.0000000e+00
   4.3869830e+00   3.4058252e-20
   9.1011650e+00   6.7058341e+00
   1.0150236e+00   0.0000000e+00
   1.2809770e+01   4.2253150e+00
   1.1934911e+01   9.9184760e+00
   2.2696770e+01   1.5216219e+01
   8.3322462e-01   2.9382568e+00
   0.0000000e+00   0.0000000e+00
   3.1910969e+00  9.3260247e-169
   4.3869830e+00   3.2183923e-20
   1.7123972e-63   2.3273900e+00
   0.0000000e+00   0.0000000e+00
   4.3869830e+00   1.3049585e-20
   4.3869830e+00   1.7733165e-20
   1.0150236e+00   0.0000000e+00
   8.1120445e+00   5.8890259e+00
   1.0858385e+01   4.2106578e+00
   2.1760732e+00  2.6040650e-143
   0.0000000e+00   5.9355116e-01
   7.3267292e+00   5.3959187e-71
   0.0000000e+00   5.9355116e-01
   1.0150236e+00   0.0000000e+00
   1.1148012e+01   2.1634879e+00
   1.0150236e+00   0.0000000e+00
   3.8325574e-64   2.3273900e+00
   1.7729701e+01   1.7095358e+01
   1.0150236e+00   0.0000000e+00
   0.0000000e+00   0.0000000e+00
   1.0045369e+01   3.6376812e+01
   8.5240028e+00  5.9451616e-186
   2.7939441e-38   1.3018872e+01
   0.0000000e+00   0.0000000e+00
   4.3869830e+00   1.0368379e-20
   1.0150236e+00   0.0000000e+00
   3.1788903e+01   1.3730098e+01
   1.6806654e+01   3.5546858e+01
   6.2022814e+00   4.4779890e+01
   3.1910969e+00  7.6435671e-169
   3.1910969e+00  1.4272726e-168
   0.0000000e+00   0.0000000e+00
   4.3869830e+00   4.2351776e-20
   2.0656664e+01   1.6850813e-03
   0.0000000e+00   0.0000000e+00
   1.8346608e+01   3.1793419e-01
   1.1934911e+01   9.9184760e+00
   9.1011650e+00   6.7058341e+00
   1.1934911e+01   9.9184760e+00
   0.0000000e+00   0.0000000e+00
   1.0150236e+00   0.0000000e+00
   0.0000000e+00   0.0000000e+00
   1.0858385e+01   4.2106578e+00
   0.0000000e+00   3.2527457e+00
   4.3869830e+00   2.0492588e-20
   1.2447735e+01   3.3812068e+00
   4.3869830e+00   2.7669392e-20
   1.0150236e+00   0.0000000e+00
   2.9979093e+01   1.7131197e+01
   0.0000000e+00   2.7038886e+00
   2.0656694e+01   1.6331604e-03
   1.1934911e+01   9.9184760e+00
   0.0000000e+00   3.2527457e+00
   1.3106629e+00   1.5518149e+00
   1.8346202e+01   3.1864466e-01
   0.0000000e+00   2.1103375e+00
   6.0263758e-10   1.1107925e+01
   4.1131828e-01   3.1644794e+00
   7.3267292e+00   4.4542700e-71
   1.3928059e+01   7.5689174e+00
   3.2907254e-47   8.3491031e+00
   1.5057990e+01   2.2707701e+00
   1.1934911e+01   9.9184760e+00
   1.0150236e+00   0.0000000e+00
   7.3267292e+00   4.2377615e-71
   0.0000000e+00   0.0000000e+00
   2.0656657e+01   1.6974983e-03
   0.0000000e+00   0.0000000e+00
   6.9180802e+00   5.7142986e+00
   0.0000000e+00   0.0000000e+00
   0.0000000e+00   0.0000000e+00
   1.9668101e+01   2.3922623e-02
   7.3267292e+00   3.6362236e-71
   3.5495146e+01   1.2136933e+01
   4.3869830e+00   2.9028820e-20
   4.3869830e+00   2.5314313e-20
   1.2809770e+01   4.2253150e+00
   1.2809770e+01   4.2253150e+00
   3.1314958e+01   2.0015772e+01
   1.2809770e+01   4.2253150e+00
   2.5722757e+01   1.9041061e+01
   1.6211497e+01   3.4931790e+00
   0.0000000e+00   0.0000000e+00
   4.3869830e+00   3.0995615e-20
   1.2447735e+01   3.3812068e+00
   2.0656686e+01   1.6468705e-03
   1.8013695e+00   8.6030524e+00
   0.0000000e+00   0.0000000e+00
   7.0839156e-01   8.3545435e+00
   3.1910969e+00  3.2210165e-168
   8.5240028e+00  1.1836626e-186
   1.3928059e+01   7.5689174e+00
   1.0150236e+00   0.0000000e+00
   1.0858385e+01   4.2106578e+00
   4.3869830e+00   2.4839670e-20
   0.0000000e+00   0.0000000e+00
   0.0000000e+00   0.0000000e+00
   4.3869830e+00   2.7927675e-20
   0.0000000e+00   0.0000000e+00
   9.1631494e-64   2.3273900e+00
   1.1934911e+01   9.9184760e+00
   4.3869830e+00   5.6880354e-20
   0.0000000e+00   0.0000000e+00
   1.6211497e+01   3.4931790e+00
   0.0000000e+00   0.0000000e+00
   3.1910969e+00  2.1063421e-168
   1.3928059e+01   7.5689174e+00
   0.0000000e+00   0.0000000e+00
   7.3267292e+00   9.4858607e-72
   4.3869830e+00   3.4600442e-20
   3.4029589e+00   1.6257100e+01
   0.0000000e+00   0.0000000e+00
   2.4077804e-63   2.3273900e+00
   0.0000000e+00   0.0000000e+00
   1.1934911e+01   9.9184760e+00
   1.2447735e+01   3.3812068e+00
   1.3928059e+01   7.5689174e+00
   2.3946803e+01   1.5351543e+01
   1.3757027e+01   1.0605263e-16
   0.0000000e+00   0.0000000e+00
   1.0150236e+00   0.0000000e+00
   8.5240028e+00  2.4860640e-186
   9.1011650e+00   6.7058341e+00
   1.3928059e+01   7.5689174e+00
   1.3928059e+01   7.5689174e+00
   9.1011650e+00   6.7058341e+00
   0.0000000e+00   0.0000000e+00
   9.1011650e+00   6.7058341e+00
   1.3928059e+01   7.5689174e+00
   4.3869830e+00   2.9741663e-20
   4.3869830e+00   6.9207663e-20
   0.0000000e+00   0.0000000e+00
   7.3267292e+00   4.9021467e-71
   1.2809770e+01   4.2253150e+00
   7.3267292e+00   2.5014890e-71
   1.1934911e+01   9.9184760e+00
   1.0150236e+00   0.0000000e+00
   2.0537059e+01   8.8964726e-08
   0.0000000e+00   0.0000000e+00
   7.3267292e+00   1.0254761e-71
   2.0935241e+01   7.0213329e-17
   0.0000000e+00   0.0000000e+00
   3.1910969e+00  3.6775536e-168
   0.0000000e+00   0.0000000e+00
   0.0000000e+00   0.0000000e+00
   0.0000000e+00   4.3588891e+00
   1.0150236e+00   0.0000000e+00
   6.4473000e+00   8.4992713e+00
   2.1760732e+00  2.2398481e-143
   7.3267292e+00   3.0068354e-71
   2.1760732e+00  1.2828598e-143
   3.1910969e+00  2.4837187e-168
   1.1934911e+01   9.9184760e+00
   7.3267292e+00   2.2854020e-71
   0.0000000e+00   0.0000000e+00
   7.3267292e+00   4.8987511e-71
   1.1648940e+01   5.2850015e+01
   9.3367301e+00   4.8910777e+00
   3.1910969e+00  2.0797548e-167
   3.1910969e+00  2.0641662e-168
   0.0000000e+00   0.0000000e+00
   0.0000000e+00   0.0000000e+00
   1.0150236e+00   0.0000000e+00
   4.3869830e+00   1.5684554e-20
   0.0000000e+00   2.7010789e+00
   1.1934911e+01   9.9184760e+00
   1.0150236e+00   0.0000000e+00
   7.3267292e+00   3.3373249e-71
   0.0000000e+00   5.9355116e-01
   0.0000000e+00   0.0000000e+00
   1.4260111e+01   3.4785217e+00
   2.2050582e-03   5.9270080e+01
   2.3946803e+01   1.5351543e+01
   4.7825955e+00   5.5401608e+01
  9.1717312e-100   8.1801604e+00
   9.1011650e+00   6.7058341e+00
   2.2476165e+00   7.0868082e+00
   1.1934911e+01   9.9184760e+00
   1.0150236e+00   0.0000000e+00
   0.0000000e+00   0.0000000e+00
   9.1011650e+00   6.7058341e+00
   2.1112109e+01   2.1974543e+01
   2.1909342e-93   3.6793343e+00
   9.6004137e+00   2.4037050e+01
   0.0000000e+00   0.0000000e+00
   1.6160053e+01   5.9503623e+00
   0.0000000e+00   0.0000000e+00
   4.9439173e-01   4.1493873e+01
   1.5710423e+01   3.3767418e+00
   4.3869830e+00   1.7788385e-20
   1.0676621e+00   1.6906135e+01
   2.5144686e+01   1.0260404e+01
   1.5710423e+01   3.3767418e+00
   0.0000000e+00   5.9355116e-01
   1.1934911e+01   9.9184760e+00
   3.1910969e+00  3.5145937e-168
   1.0150236e+00   0.0000000e+00
   2.8193869e+00   1.5850980e+00
   1.4494284e+01   3.0858226e+01
   0.0000000e+00   0.0000000e+00
   4.3869830e+00   3.4889474e-20
   1.3142012e+01   4.4835650e+00
   1.3738494e+00   4.8441084e+01
   1.3928059e+01   7.5689174e+00
   8.5039164e-06   5.5457831e+01
   0.0000000e+00   0.0000000e+00
   5.1553636e-06   5.6594761e+01
   2.4744681e+01   1.4143791e+01
   8.2854121e+00   5.1101968e+00
   4.8167140e+00   2.2796114e+00
   7.8427005e+00   6.1044537e+00
   0.0000000e+00   0.0000000e+00
   2.0537059e+01   7.9283761e-08
   3.1910969e+00  3.4952834e-169
   0.0000000e+00   0.0000000e+00
   0.0000000e+00   5.9355116e-01
   0.0000000e+00   0.0000000e+00
   4.3869830e+00   3.5970630e-20
   2.6390353e+00   6.9802811e+01
   1.1934911e+01   9.9184760e+00
   7.3267292e+00   8.9717255e-71
   0.0000000e+00   0.0000000e+00
   8.5240028e+00  7.5472984e-186
   1.2447735e+01   3.3812068e+00
   1.2433520e-11   2.7036364e+01
   7.6982387e+00   3.9435440e-12
   2.0497882e-09   2.9653405e+01
   0.0000000e+00   0.0000000e+00
   1.4451571e+01   2.8325948e+01
   7.3267292e+00   7.1702751e-72
   2.4854366e+01   5.2308302e+01
   2.8075597e+01   2.6415361e+01
   3.1290142e+00   2.3844447e+01
   8.5240028e+00  1.5775328e-186
   7.3267292e+00   5.7295898e-71
   2.0656652e+01   1.7066242e-03
   2.0035312e+00   5.0478314e+01
   1.5578121e+01   7.4312793e+00
   1.0150236e+00   0.0000000e+00
   4.3869830e+00   3.5770900e-20
   4.3869830e+00   3.2144355e-20
   1.2467235e+00   3.2318233e+01
   1.0876296e+01   5.7907232e+00
   2.3946803e+01   1.5351543e+01
   2.8586643e+01   1.4145104e+01
   6.9180802e+00   5.7142986e+00
   2.8759585e+00   4.9611659e+01
   1.5926258e-93   3.6793343e+00
   7.3267292e+00   2.3983167e-71
   0.0000000e+00   0.0000000e+00
   3.1910969e+00  2.5807227e-168
   0.0000000e+00   0.0000000e+00
   0.0000000e+00   0.0000000e+00
   1.1288115e+01   4.9057349e+00
   0.0000000e+00   0.0000000e+00
   2.7429080e+01   8.7094628e+00
   1.1934911e+01   9.9184760e+00
   0.0000000e+00   5.9355116e-01
   7.8577080e-79   2.9181314e+00
   0.0000000e+00   0.0000000e+00
   0.0000000e+00   0.0000000e+00
   0.0000000e+00   0.0000000e+00
   4.3869830e+00   2.3222481e-20
   1.8996881e+01   1.2321984e+00
   1.0858385e+01   4.2106578e+00
   4.3869830e+00   3.2726870e-20
   0.0000000e+00   0.0000000e+00
   1.1934911e+01   9.9184760e+00
   0.0000000e+00   2.1103375e+00
   4.3869830e+00   3.3842951e-20
   1.2809770e+01   4.2253150e+00
   1.2447735e+01   3.3812068e+00
   1.0858385e+01   4.2106578e+00
   9.1011650e+00   6.7058341e+00
   8.5240028e+00  2.3152689e-186
   9.1011650e+00   6.7058341e+00
   0.0000000e+00   0.0000000e+00
   1.1934911e+01   9.9184760e+00
   1.4260111e+01   3.4785217e+00
   6.5823627e+00   1.1357438e+01
   6.0911822e+00   1.6334856e+01
   0.0000000e+00   0.0000000e+00
   1.0150236e+00   0.0000000e+00
   4.3869830e+00   3.2898748e-20
   9.1011650e+00   6.7058341e+00
   1.1934911e+01   9.9184760e+00
   1.8715086e+01   1.1507502e+00
   0.0000000e+00   0.0000000e+00
   1.4260111e+01   3.4785217e+00
   1.0349422e+00   6.9149734e+00
   1.1288115e+01   4.9057349e+00
   0.0000000e+00   0.0000000e+00
   1.1247031e+01   3.6594661e+00
   1.1934911e+01   9.9184760e+00
   1.6847735e+00   1.7327562e+01
   7.3267292e+00   1.7348593e-71
   2.5051070e-11   1.2404287e+01
   1.3928059e+01   7.5689174e+00
   1.6211497e+01   3.4931790e+00
   1.2809770e+01   4.2253150e+00
   1.0150236e+00   0.0000000e+00
   1.9667621e+01   2.4767874e-02
   7.6982387e+00   4.2100305e-12
   1.0150236e+00   0.0000000e+00
   0.0000000e+00   0.0000000e+00
   0.0000000e+00   0.0000000e+00
   7.3267292e+00   2.9089956e-71
   0.0000000e+00   0.0000000e+00
   0.0000000e+00   0.0000000e+00
   3.9005081e-11   1.9101437e+01
   8.5240028e+00  3.0980037e-186
   1.2253363e+01   8.7577338e+00
   3.8806000e+00   7.2865765e+00
   1.8346225e+01   3.1860462e-01
   2.0537059e+01   9.6014590e-08
   4.3869830e+00   4.9739348e-20
   9.1011650e+00   6.7058341e+00
   0.0000000e+00   0.0000000e+00
   1.4179883e-93   3.6793343e+00
   4.3869830e+00   2.0607749e-20
   1.0150236e+00   0.0000000e+00
   4.6534326e-32   1.3301157e+01
   1.2809770e+01   4.2253150e+00
   4.3869830e+00   2.6324157e-20
   4.1131828e-01   3.1644794e+00
   0.0000000e+00   5.9355116e-01
   2.5739887e-91   7.1491326e+00
   1.9667501e+01   2.4978296e-02
   3.0724727e+01   1.5070667e+01
   0.0000000e+00   0.0000000e+00
   1.0858385e+01   4.2106578e+00
   0.0000000e+00   0.0000000e+00
   2.3536411e+01   1.1644252e+01
   2.0656647e+01   1.7141993e-03
   2.1760732e+00  1.2663264e-143
   2.1760732e+00  1.0010138e-143
   4.4292157e+00   7.4286091e-04
   6.3625447e-64   2.3273900e+00
   3.0151654e-47   8.3491031e+00
   0.0000000e+00   2.1103375e+00
   0.0000000e+00   0.0000000e+00
   1.8345979e+01   3.1903558e-01
   0.0000000e+00   0.0000000e+00
   1.9668142e+01   2.3851393e-02
   1.3928059e+01   7.5689174e+00
   3.1910969e+00  1.6327569e-168
   1.0150236e+00   0.0000000e+00
   7.5420001e-01   4.4283508e+00
   9.6029850e+00   3.8240584e+01
   1.9044021e+01   4.8718679e-18
   1.1934911e+01   9.9184760e+00
   7.3267292e+00   4.6012817e-72
   7.0229745e+00   2.7579632e+01
   1.9986182e+01   5.7822225e-12
   9.1011650e+00   6.7058341e+00
   3.1910969e+00  3.1271192e-168
   1.3928059e+01   7.5689174e+00
   0.0000000e+00   0.0000000e+00
   1.0858385e+01   4.2106578e+00
   3.1910969e+00  9.9939832e-169
   1.2809770e+01   4.2253150e+00
   9.1011650e+00   6.7058341e+00
   1.8996881e+01   1.2321990e+00
   7.3267292e+00   2.9478706e-71
   1.1934911e+01   9.9184760e+00
   1.5710423e+01   3.3767418e+00
   4.7387291e+00   3.8469458e+01
   4.3869830e+00   4.4751458e-20
   0.0000000e+00   0.0000000e+00
   2.0537059e+01   7.3634034e-08
   1.0858385e+01   4.2106578e+00
   6.2375010e+00   6.1826248e+00
   1.1934911e+01   9.9184760e+00
   7.3267292e+00   1.2306892e-71
   9.1011650e+00   6.7058341e+00
   9.3367301e+00   4.8910777e+00
   4.3869830e+00   3.0068147e-20
   1.1934911e+01   9.9184760e+00
   2.4744681e+01   1.4143791e+01
   3.1910969e+00  2.0889701e-168
   1.9671821e+01   1.7374388e-02
   7.6982387e+00   4.8596458e-12
   0.0000000e+00   0.0000000e+00
   4.3869830e+00   3.6321855e-20
   1.3928059e+01   7.5689174e+00
   4.3869830e+00   2.5830287e-20
   1.1934911e+01   9.9184760e+00
   0.0000000e+00   0.0000000e+00
   0.0000000e+00   0.0000000e+00
   7.3267292e+00   5.9572744e-71
   1.8715084e+01   1.1507538e+00
   7.5420001e-01   4.4283508e+00
   2.4929776e+01   4.7899869e-01
   0.0000000e+00   0.0000000e+00
   2.1760732e+00  7.6970325e-144
   0.0000000e+00   0.0000000e+00
   1.2809770e+01   4.2253150e+00
   2.4919057e+01   1.1046489e+01
   4.3869830e+00   2.4043537e-20
   1.0150236e+00   0.0000000e+00
   2.5965896e+01   1.5961066e+01
   0.0000000e+00   0.0000000e+00
   1.1934911e+01   9.9184760e+00
   3.1910969e+00  2.3507815e-168
   2.8193869e+00   1.5850980e+00
   4.3869830e+00   2.1526667e-20
   7.3267292e+00   2.6917428e-70
   7.3267292e+00   1.2262307e-71
   2.1113902e+01   1.6360848e+01
   2.1760732e+00  9.9722483e-144
   7.3267292e+00   4.0090644e-71
   1.8715084e+01   1.1507536e+00
   7.3267292e+00   5.8059207e-72
   2.2696770e+01   1.5216219e+01
   2.2825860e-68   5.4030905e+00
   1.0150236e+00   0.0000000e+00
   2.1760732e+00  1.1824022e-143
   0.0000000e+00   0.0000000e+00
   0.0000000e+00   0.0000000e+00
   1.0150236e+00   0.0000000e+00
   2.2581998e+01   1.2932288e+01
   7.5420001e-01   4.4283508e+00
   4.3869830e+00   4.9696720e-20
   3.1910969e+00  1.2404922e-168
   4.3869830e+00   3.3308548e-20
   0.0000000e+00   0.0000000e+00
   7.3267292e+00   2.5835893e-71
   2.3397402e+01   1.1726909e+01
   0.0000000e+00   0.0000000e+00
   9.3367301e+00   4.8910777e+00
   3.9276758e+01   1.9786762e+01
