   2.8323807e+00   1.1219219e-26
   4.0280562e-01   0.0000000e+00
   9.0061426e+00   3.1270466e+00
   1.7265625e+01   2.2684083e+00
   0.0000000e+00   0.0000000e+00
   0.0000000e+00   2.3585942e+00
   4.0280562e-01   0.0000000e+00
   2.8801490e+00   2.4740676e+00
   7.1720913e-01   1.5756589e+00
   0.0000000e+00   0.0000000e+00
   1.0544865e+01   7.1851068e+00
   2.8801490e+00   2.4740676e+00
  6.8188794e-106   3.7681065e+00
   5.6356163e+00   4.1026506e+00
   1.3904760e+01   3.2318026e+00
   6.7693274e+00   2.6693613e-13
   2.8287322e+00   6.7196438e-01
  7.3506372e-106   3.7681065e+00
   1.1364896e+01   6.0508137e+00
   2.8287322e+00   6.7196438e-01
   2.8323807e+00   1.3229540e-26
   4.0280562e-01   0.0000000e+00
   1.1074213e+01   5.6984907e+00
   8.0091686e-31   4.5465682e+00
   2.8323807e+00   1.1320502e-26
   2.2649829e+00   0.0000000e+00
   1.9019251e+01   1.0826060e+01
   1.6582071e+01   4.2384401e+00
   0.0000000e+00   2.3585942e+00
   1.7821516e+01   7.1802061e-02
   1.1074213e+01   5.6984907e+00
   1.6582071e+01   4.2384401e+00
   3.1428026e+01   1.5916608e+01
   1.1535512e+01   9.2528367e+00
   2.8287322e+00   6.7196438e-01
  5.0279864e-105   3.7681065e+00
   2.8287322e+00   6.7196438e-01
   1.4120604e+01   8.7959616e+00
   8.5755953e+00   4.8931691e+00
   0.0000000e+00   0.0000000e+00
   0.0000000e+00   2.3585942e+00
   0.0000000e+00   0.0000000e+00
   2.7547891e+00   5.0597275e-02
   8.7024270e+00   5.9888656e+00
   3.3354423e+01   1.2211475e+01
   6.5430096e+00   1.2944919e+01
   0.0000000e+00   2.3585942e+00
   2.8287322e+00   6.7196438e-01
   1.6582071e+01   4.2384401e+00
   8.9739201e+00   4.8616395e+00
  2.7883871e-106   3.7681065e+00
   7.3689790e+00   1.0767622e+01
   2.3443481e+01   7.0671234e+00
   3.4785405e+00  4.6271020e-127
   2.8423015e+01   8.6589055e+00
  3.5639948e-106   3.7681065e+00
   1.3338942e+00   0.0000000e+00
   1.2184133e+00   0.0000000e+00
   3.4948872e-01   1.2218190e+00
   0.0000000e+00   2.3585942e+00
   4.0280562e-01   0.0000000e+00
   0.0000000e+00   2.3585942e+00
   1.1535512e+01   9.2528367e+00
   0.0000000e+00   0.0000000e+00
   1.1330785e+01   9.0587337e+00
   2.5890181e+01   7.4009155e+00
   9.3108862e-01   0.0000000e+00
   1.1766915e+00   2.7415710e-95
   8.4071607e+00   4.8233808e+00
   1.4353129e+00   8.2907049e-29
   1.3728511e+01   9.8035686e+00
   9.3108862e-01   0.0000000e+00
   2.8323807e+00   1.2824693e-26
   4.0280562e-01   0.0000000e+00
   4.5382931e+00   1.4676304e-26
   0.0000000e+00   0.0000000e+00
   1.1074213e+01   5.6984907e+00
   1.3338942e+00   0.0000000e+00
   1.3379996e+01   3.2132984e+00
   3.2849808e+01   8.4851684e+00
  3.4458348e-106   3.7681065e+00
   1.6582071e+01   4.2384401e+00
   0.0000000e+00   0.0000000e+00
   2.8287322e+00   6.7196438e-01
   2.8582770e+01   8.1685560e+00
   0.0000000e+00   0.0000000e+00
   4.3711467e+01   1.9716220e+01
   2.7547890e+00   5.0597579e-02
   2.8323807e+00   1.3460255e-26
   1.3379996e+01   3.2132984e+00
   2.4095828e-01   0.0000000e+00
   1.0167644e-09   2.1879740e+00
   7.6374118e+01   5.2093786e-06
   2.7547891e+00   5.0597395e-02
   0.0000000e+00   2.3585942e+00
   3.2906009e+01   9.9142826e+00
   8.7024270e+00   5.9888656e+00
   2.8801490e+00   2.4740676e+00
   2.8287322e+00   6.7196438e-01
   2.0860235e+01   8.8327662e+00
   8.7649660e+00   1.9926251e+00
   2.8287322e+00   6.7196438e-01
   2.3018490e+00   0.0000000e+00
   6.5943661e+01   3.3958387e-06
   2.8323807e+00   1.7761485e-26
   2.6008903e+01   4.0205294e+00
  3.8122556e-106   3.7681065e+00
   1.3904760e+01   3.2318026e+00
   2.3018490e+00   0.0000000e+00
   6.5430096e+00   1.2944919e+01
   0.0000000e+00   2.3585942e+00
   4.0280562e-01   0.0000000e+00
   2.7547890e+00   5.0597715e-02
   1.3904760e+01   3.2318026e+00
   2.8323807e+00   1.6823001e-26
   5.3061162e+00   1.7781083e+00
  4.0807254e-106   3.7681065e+00
   2.8323807e+00   1.1876087e-26
   2.7547889e+00   5.0597908e-02
   0.0000000e+00   0.0000000e+00
   2.8323807e+00   1.2707080e-26
   2.7547894e+00   5.0596080e-02
   2.7547887e+00   5.0598742e-02
   1.1798574e+01   8.0093426e+00
   1.3379996e+01   3.2132984e+00
   0.0000000e+00   0.0000000e+00
   2.8287322e+00   6.7196438e-01
   4.0280562e-01   0.0000000e+00
   1.7060536e+01   6.7174075e-05
   0.0000000e+00   0.0000000e+00
   2.8287322e+00   6.7196438e-01
   4.0280562e-01   0.0000000e+00
   2.8287322e+00   6.7196438e-01
   0.0000000e+00   0.0000000e+00
   0.0000000e+00   2.3585942e+00
   4.0280562e-01   0.0000000e+00
   2.8287322e+00   6.7196438e-01
   0.0000000e+00   0.0000000e+00
   1.1766915e+00   2.2772048e-95
   2.8323807e+00   6.1931535e-27
   7.9416355e+00   7.4987583e-09
   1.6582071e+01   4.2384401e+00
   8.9739201e+00   4.8616395e+00
  4.4944118e-106   3.7681065e+00
   8.9739201e+00   4.8616395e+00
   1.9224158e+01   3.4277230e+00
   1.3379996e+01   3.2132984e+00
   8.7024270e+00   5.9888656e+00
   0.0000000e+00   0.0000000e+00
   8.7024270e+00   5.9888656e+00
   0.0000000e+00   0.0000000e+00
   1.3379996e+01   3.2132984e+00
   4.5110478e+00   5.6195849e-60
   2.8323807e+00   9.9703582e-27
   1.1074213e+01   5.6984907e+00
   1.3904760e+01   3.2318026e+00
   2.7547890e+00   5.0597793e-02
   0.0000000e+00   0.0000000e+00
   4.8646348e+01   1.8656468e+01
   0.0000000e+00   0.0000000e+00
   2.7547892e+00   5.0596785e-02
   1.4120604e+01   8.7959616e+00
   0.0000000e+00   0.0000000e+00
   6.9013034e-01   0.0000000e+00
   1.4355122e-01   1.0764119e+00
   0.0000000e+00   0.0000000e+00
   0.0000000e+00   0.0000000e+00
   4.2510767e+01   1.3285120e-06
   2.2649829e+00   0.0000000e+00
   2.8287322e+00   6.7196438e-01
   0.0000000e+00   0.0000000e+00
   2.4787191e+01   9.8900430e+00
   1.4919584e+00   2.6458581e+00
   1.1074213e+01   5.6984907e+00
   1.6582071e+01   4.2384401e+00
   2.2578518e+01   1.3324664e+01
   8.7024270e+00   5.9888656e+00
   1.1335825e-09   2.1879740e+00
   2.5890181e+01   7.4009155e+00
   0.0000000e+00   0.0000000e+00
   4.0122530e+01   4.3100154e-07
   2.8323807e+00   1.2674781e-26
   2.8801490e+00   2.4740676e+00
   2.8323807e+00   1.6360815e-26
   2.8323807e+00   8.4118839e-27
   1.5037390e+01   3.6351950e+00
   0.0000000e+00   2.3585942e+00
   1.4120604e+01   8.7959616e+00
   2.7547890e+00   5.0597621e-02
   8.7024270e+00   5.9888656e+00
   2.8323807e+00   1.0261928e-26
   2.8801490e+00   2.4740676e+00
   6.7215626e+00   3.7312499e+00
   2.8287322e+00   6.7196438e-01
   2.8323807e+00   1.3324680e-26
   1.3904760e+01   3.2318026e+00
   1.3379996e+01   3.2132984e+00
   2.5890181e+01   7.4009155e+00
   0.0000000e+00   1.2646072e+00
   2.8287322e+00   6.7196438e-01
   3.5200304e+01   8.0504878e-02
  3.7697314e-106   3.7681065e+00
   1.3904760e+01   3.2318026e+00
   2.2889364e+01   4.6424919e+00
   2.8323807e+00   1.1285627e-26
   0.0000000e+00   2.3585942e+00
   1.3379996e+01   3.2132984e+00
   0.0000000e+00   0.0000000e+00
   0.0000000e+00   2.3585942e+00
   0.0000000e+00   0.0000000e+00
   3.1142263e+01   1.1314611e+01
   0.0000000e+00   1.2646072e+00
   1.1093736e+01   1.3724734e+01
   3.6744809e+01   1.1427444e-07
  7.1969083e-106   3.7681065e+00
   1.3379996e+01   3.2132984e+00
   1.6582071e+01   4.2384401e+00
   2.3659325e+01   1.2631282e+01
   2.0388443e+00   1.2727553e-20
   0.0000000e+00   0.0000000e+00
   8.7024270e+00   5.9888656e+00
   0.0000000e+00   2.3585942e+00
   2.8287322e+00   6.7196438e-01
   2.7547890e+00   5.0597726e-02
  4.4947966e-106   3.7681065e+00
   2.8801490e+00   2.4740676e+00
   0.0000000e+00   2.3585942e+00
   2.8323807e+00   1.8236614e-26
   0.0000000e+00   0.0000000e+00
   1.1364896e+01   6.0508137e+00
   0.0000000e+00   0.0000000e+00
   2.2916524e+01   7.6022340e+00
   1.9571341e+01   7.6995917e-02
   1.3379996e+01   3.2132984e+00
   4.0280562e-01   0.0000000e+00
   1.3379996e+01   3.2132984e+00
   5.9520195e+00   2.4971692e+00
   0.0000000e+00   2.3585942e+00
   2.3342526e+01   3.3813408e-01
   2.7547891e+00   5.0597341e-02
  1.5385409e-106   3.7681065e+00
   2.8287322e+00   6.7196438e-01
   4.0280562e-01   0.0000000e+00
   1.5070294e+01   7.0111828e+00
   1.8578803e+01   7.4981697e+00
   6.9982618e+00   2.4401423e+00
   2.8323807e+00   1.2566951e-26
   2.7547890e+00   5.0597645e-02
   0.0000000e+00   2.3585942e+00
   0.0000000e+00   0.0000000e+00
   2.8287322e+00   6.7196438e-01
   3.8337618e+00   8.9693761e+00
   0.0000000e+00   1.2646072e+00
   1.0465695e+00   0.0000000e+00
   0.0000000e+00   0.0000000e+00
   2.5859856e+01   1.1896719e+01
   7.6465995e+00   4.3880770e-14
   2.5859856e+01   1.1896719e+01
   0.0000000e+00   0.0000000e+00
   1.3379996e+01   3.2132984e+00
   4.0280562e-01   0.0000000e+00
   2.3443481e+01   7.0671234e+00
   2.7547890e+00   5.0597594e-02
   4.0280562e-01   0.0000000e+00
   0.0000000e+00   2.3585942e+00
   4.0280562e-01   0.0000000e+00
   1.1330785e+01   9.0587337e+00
   2.2119476e+01   1.0370798e+01
   1.2669137e+01   1.3714008e-01
   0.0000000e+00   0.0000000e+00
   0.0000000e+00   0.0000000e+00
   2.8287322e+00   6.7196438e-01
   1.3379996e+01   3.2132984e+00
   8.7024270e+00   5.9888656e+00
   0.0000000e+00   0.0000000e+00
   0.0000000e+00   0.0000000e+00
   0.0000000e+00   0.0000000e+00
   0.0000000e+00   0.0000000e+00
   9.3123890e-21   9.3703006e+00
   7.7233661e+00   9.0624517e-01
   2.8801490e+00   2.4740676e+00
   1.9021605e+01   1.0095064e+01
   1.6452915e+01   2.9808945e-05
   0.0000000e+00   0.0000000e+00
   7.6088277e-21   9.3703006e+00
   0.0000000e+00   0.0000000e+00
   2.3431158e+01   2.9949236e+00
   3.0865882e+01   1.8473726e+01
   2.8801490e+00   2.4740676e+00
   0.0000000e+00   0.0000000e+00
   0.0000000e+00   0.0000000e+00
   2.0968673e+01   1.7586041e+01
   2.5890181e+01   7.4009155e+00
   1.1074213e+01   5.6984907e+00
   6.1683186e+00   2.5477088e+00
   4.5110478e+00   6.5307846e-60
   2.8801490e+00   2.4740676e+00
   1.3338942e+00   0.0000000e+00
  5.6879711e-106   3.7681065e+00
   5.6356163e+00   4.1026506e+00
   0.0000000e+00   0.0000000e+00
   7.5854900e-31   4.5465682e+00
   0.0000000e+00   0.0000000e+00
   0.0000000e+00   2.3585942e+00
   1.6444010e+01   4.8832894e+00
   1.3904760e+01   3.2318026e+00
   0.0000000e+00   0.0000000e+00
  4.6894002e-106   3.7681065e+00
   5.3263440e+00   2.6599373e+00
   8.2291148e+00   5.8281611e-01
   6.9013034e-01   0.0000000e+00
   2.7547890e+00   5.0597554e-02
   2.8323807e+00   1.2153812e-26
   0.0000000e+00   0.0000000e+00
   8.7024270e+00   5.9888656e+00
   0.0000000e+00   0.0000000e+00
   4.7748265e+00   6.2492428e+00
   2.8801490e+00   2.4740676e+00
  1.6281007e-106   3.7681065e+00
   1.3334655e+01   1.0953527e+00
   6.9052886e+00   1.0479687e+00
   0.0000000e+00   0.0000000e+00
   0.0000000e+00   0.0000000e+00
   0.0000000e+00   0.0000000e+00
   4.0280562e-01   0.0000000e+00
   3.8170078e+01   1.2955840e+01
   9.0588909e+00   1.7043717e+01
   4.0280562e-01   0.0000000e+00
   2.8732472e-01   0.0000000e+00
   0.0000000e+00   0.0000000e+00
   2.8801490e+00   2.4740676e+00
   4.6481633e+00   1.2469560e+00
   2.8323807e+00   6.7762474e-27
  2.1084072e-105   3.7681065e+00
   0.0000000e+00   0.0000000e+00
   3.2155357e+00   1.8726719e-32
   0.0000000e+00   0.0000000e+00
   0.0000000e+00   0.0000000e+00
   8.4405753e+00   2.4819040e+00
   0.0000000e+00   0.0000000e+00
   1.1093736e+01   1.3724734e+01
   4.0280562e-01   0.0000000e+00
   0.0000000e+00   0.0000000e+00
   6.5430096e+00   1.2944919e+01
   2.8801490e+00   2.4740676e+00
   2.7547891e+00   5.0597149e-02
   2.8323807e+00   1.2698142e-26
   2.8801490e+00   2.4740676e+00
   0.0000000e+00   1.2646072e+00
   8.7024270e+00   5.9888656e+00
   1.3379996e+01   3.2132984e+00
   1.3379996e+01   3.2132984e+00
   2.8323807e+00   1.0228831e-26
   0.0000000e+00   0.0000000e+00
   0.0000000e+00   0.0000000e+00
   2.8801490e+00   2.4740676e+00
   1.3640164e+00   4.8494961e+00
   4.0339366e+01   1.9889238e+01
   3.4741572e+00   1.6493147e-23
   0.0000000e+00   0.0000000e+00
   0.0000000e+00   0.0000000e+00
   0.0000000e+00   0.0000000e+00
   0.0000000e+00   0.0000000e+00
   0.0000000e+00   0.0000000e+00
   2.8323807e+00   1.6937866e-26
  4.2391112e-106   3.7681065e+00
   1.4496157e+01   6.5249900e+00
   1.3728511e+01   9.8035686e+00
   1.0929360e+00   0.0000000e+00
   2.8801490e+00   2.4740676e+00
   7.2718890e+00   1.1591075e+01
   2.6015540e+01   9.8243902e+00
   1.4353129e+00   1.1801128e-28
   8.7024270e+00   5.9888656e+00
   9.3193510e+00   2.5990240e-02
   0.0000000e+00   0.0000000e+00
   2.2750492e+01   1.5171775e+01
   1.4225856e+01   7.0453322e+00
   7.2132222e+00   6.7216005e-05
   0.0000000e+00   0.0000000e+00
   5.5665416e+00   7.7343088e+00
   3.9638192e+00   1.8713814e+00
   6.0752222e+00   5.1428162e+00
   2.5890181e+01   7.4009155e+00
   2.4006765e+00   8.7742458e-01
   2.6909506e+01   1.1900442e+01
   7.5250369e-21   9.3703006e+00
   0.0000000e+00   0.0000000e+00
   1.3454476e-09   2.1879740e+00
   1.6565990e+00   2.5609246e+00
   5.0746278e+00   2.2135228e+00
   2.8801490e+00   2.4740676e+00
   1.2083493e+01   5.6433629e+00
   0.0000000e+00   0.0000000e+00
   2.8323807e+00   1.3485750e-26
   1.1074213e+01   5.6984907e+00
   0.0000000e+00   2.3585942e+00
   2.7547890e+00   5.0597474e-02
   2.8287322e+00   6.7196438e-01
   2.8323807e+00   1.4087916e-26
   2.7547890e+00   5.0597574e-02
   1.4120604e+01   8.7959616e+00
   2.2916524e+01   7.6022340e+00
   1.3904760e+01   3.2318026e+00
   0.0000000e+00   0.0000000e+00
   0.0000000e+00   0.0000000e+00
  9.7339141e-106   3.7681065e+00
   0.0000000e+00   0.0000000e+00
   0.0000000e+00   0.0000000e+00
   8.7473438e+00   1.1659209e+00
   7.1720913e-01   1.5756589e+00
   2.8801490e+00   2.4740676e+00
   7.2998591e+00   1.3220350e-08
   2.8287322e+00   6.7196438e-01
   1.3379996e+01   3.2132984e+00
   1.3379996e+01   3.2132984e+00
   2.7547890e+00   5.0597668e-02
   2.8323807e+00   1.5110452e-26
   0.0000000e+00   1.2646072e+00
   2.8323807e+00   1.2425392e-26
   1.1074213e+01   5.6984907e+00
   7.3240725e-01   1.2460034e+00
   2.8801490e+00   2.4740676e+00
   0.0000000e+00   0.0000000e+00
   8.7649660e+00   1.9926251e+00
   2.8287322e+00   6.7196438e-01
   1.7530383e+01   2.0464547e+01
   0.0000000e+00   0.0000000e+00
   2.8732472e-01   0.0000000e+00
   0.0000000e+00   0.0000000e+00
   1.4946459e+01   5.7559760e-11
   7.5333213e+00   6.3610864e+00
   2.8287322e+00   6.7196438e-01
   1.5797965e+01   8.3347561e+00
   7.3689790e+00   1.0767622e+01
   0.0000000e+00   0.0000000e+00
   4.0280562e-01   0.0000000e+00
   1.3338942e+00   0.0000000e+00
   2.8287322e+00   6.7196438e-01
   1.1766915e+00   6.6315378e-95
   8.7024270e+00   5.9888656e+00
   1.5233127e+01   5.0252498e+00
   4.2480430e+00   1.9256887e-28
   5.3263440e+00   2.6599373e+00
   2.8801490e+00   2.4740676e+00
   0.0000000e+00   0.0000000e+00
   4.0280562e-01   0.0000000e+00
   0.0000000e+00   0.0000000e+00
   0.0000000e+00   0.0000000e+00
   7.2718890e+00   1.1591075e+01
   0.0000000e+00   0.0000000e+00
   0.0000000e+00   0.0000000e+00
   5.6356163e+00   4.1026506e+00
   0.0000000e+00   0.0000000e+00
   0.0000000e+00   0.0000000e+00
   1.4355122e-01   1.0764119e+00
   1.4355122e-01   1.0764119e+00
   4.0628688e+00   7.0698471e-41
   1.1093736e+01   1.3724734e+01
   0.0000000e+00   0.0000000e+00
   7.3264732e+00   4.9139259e+00
   1.8223292e+01   1.5092335e+01
   4.7748265e+00   6.2492428e+00
   0.0000000e+00   0.0000000e+00
   1.1074213e+01   5.6984907e+00
   1.3379996e+01   3.2132984e+00
   4.9017781e-21   9.3703006e+00
   2.7547890e+00   5.0597636e-02
   2.5890181e+01   7.4009155e+00
   1.3904760e+01   3.2318026e+00
   1.0195173e+01   5.7089275e+00
   6.9574132e+00   4.8096935e+00
   1.3379996e+01   3.2132984e+00
   4.9632345e+00   1.9819343e+01
   2.2060678e+01   1.3673647e-06
   2.8287322e+00   6.7196438e-01
   2.8323807e+00   1.2717306e-26
   3.6216936e+01   5.9835773e+00
   0.0000000e+00   1.2646072e+00
   2.8287322e+00   6.7196438e-01
   0.0000000e+00   0.0000000e+00
   2.2758114e+01   9.8163185e+00
   4.7654482e+01   1.8760665e+01
   1.3904760e+01   3.2318026e+00
   2.4268302e+00   0.0000000e+00
   0.0000000e+00   0.0000000e+00
   0.0000000e+00   0.0000000e+00
   2.4268302e+00   0.0000000e+00
   0.0000000e+00   0.0000000e+00
   9.0588909e+00   1.7043717e+01
   0.0000000e+00   0.0000000e+00
   0.0000000e+00   0.0000000e+00
  2.0273811e-105   3.7681065e+00
  4.1062352e-106   3.7681065e+00
   2.8287322e+00   6.7196438e-01
   7.3264732e+00   4.9139259e+00
   3.6697450e+00   9.9012923e-02
   8.7024270e+00   5.9888656e+00
   2.8287322e+00   6.7196438e-01
   2.2916524e+01   7.6022340e+00
   2.7547891e+00   5.0597163e-02
   9.3429194e+00   8.4139537e+00
   2.8323807e+00   1.0657825e-26
   2.8287322e+00   6.7196438e-01
   2.8323807e+00   1.5292095e-26
   2.8801490e+00   2.4740676e+00
   0.0000000e+00   0.0000000e+00
   2.8801490e+00   2.4740676e+00
   3.4101585e+00   1.0636832e+00
   1.3379996e+01   3.2132984e+00
   2.6015540e+01   9.8243902e+00
   2.8287322e+00   6.7196438e-01
   2.5890181e+01   7.4009155e+00
   0.0000000e+00   2.3585942e+00
   2.6093697e+01   1.0446336e+01
   4.0280562e-01   0.0000000e+00
   1.6582071e+01   4.2384401e+00
   2.8323807e+00   1.4400986e-26
   2.8323807e+00   1.9479374e-26
   2.3353387e+01   1.0219734e+01
   2.7547890e+00   5.0597755e-02
   1.6582071e+01   4.2384401e+00
   1.3904760e+01   3.2318026e+00
   2.7547921e+00   5.0586394e-02
   5.1220762e+00   2.6047357e+00
   6.5430096e+00   1.2944919e+01
   4.0280562e-01   0.0000000e+00
   2.7547890e+00   5.0597568e-02
   0.0000000e+00   0.0000000e+00
   2.8287322e+00   6.7196438e-01
   0.0000000e+00   0.0000000e+00
   6.5430096e+00   1.2944919e+01
   2.8323807e+00   1.1568052e-26
   2.2916524e+01   7.6022340e+00
   9.3429194e+00   8.4139537e+00
   1.0712512e+01   1.0180691e+01
   2.8801490e+00   2.4740676e+00
   2.7547891e+00   5.0597387e-02
   1.6582071e+01   4.2384401e+00
   1.1093736e+01   1.3724734e+01
   1.3904760e+01   3.2318026e+00
  1.9051084e-106   3.7681065e+00
   2.7547891e+00   5.0597325e-02
   6.9013034e-01   0.0000000e+00
   4.0090722e+00   2.9515027e-35
   1.1074213e+01   5.6984907e+00
   0.0000000e+00   2.3585942e+00
   0.0000000e+00   2.3585942e+00
   1.1074213e+01   5.6984907e+00
   1.3904760e+01   3.2318026e+00
   6.8021490e+00   2.1715398e+00
   2.2750492e+01   1.5171775e+01
   2.8323807e+00   1.2977241e-26
   2.8287322e+00   6.7196438e-01
   2.8801490e+00   2.4740676e+00
   1.2344320e+01   9.3091729e+00
   5.4999030e+00   3.1866811e-04
   2.7547890e+00   5.0597691e-02
   0.0000000e+00   2.3585942e+00
   2.8323807e+00   1.4140011e-26
  5.2067891e-106   3.7681065e+00
   1.1074213e+01   5.6984907e+00
   1.1093736e+01   1.3724734e+01
  3.3323073e-106   3.7681065e+00
   2.8287322e+00   6.7196438e-01
   3.7194988e+00  2.8536605e-129
   0.0000000e+00   0.0000000e+00
   2.8323807e+00   1.3058894e-26
   0.0000000e+00   0.0000000e+00
   5.4236244e-01   6.7008446e+00
   1.3379996e+01   3.2132984e+00
   1.1074213e+01   5.6984907e+00
   2.8287322e+00   6.7196438e-01
   2.8801490e+00   2.4740676e+00
   0.0000000e+00   0.0000000e+00
   0.0000000e+00   0.0000000e+00
   1.1093736e+01   1.3724734e+01
   1.4957416e+00   0.0000000e+00
   0.0000000e+00   2.3585942e+00
   2.8323807e+00   1.0894830e-26
   3.6312926e+01   5.7332178e+00
   1.0346268e+01   5.8565423e+00
   2.5890181e+01   7.4009155e+00
   1.3904760e+01   3.2318026e+00
   1.3379996e+01   3.2132984e+00
   1.1535512e+01   9.2528367e+00
   1.3379996e+01   3.2132984e+00
   1.1766915e+00   1.3012413e-95
   8.4309448e-21   9.3703006e+00
   2.8287322e+00   6.7196438e-01
   4.0280562e-01   0.0000000e+00
   1.6582071e+01   4.2384401e+00
   0.0000000e+00   0.0000000e+00
   0.0000000e+00   0.0000000e+00
  4.0196140e-106   3.7681065e+00
   0.0000000e+00   2.3585942e+00
   1.0712512e+01   1.0180691e+01
   0.0000000e+00   0.0000000e+00
   2.7547889e+00   5.0597856e-02
   0.0000000e+00   0.0000000e+00
   2.8287322e+00   6.7196438e-01
   3.4733997e+00   0.0000000e+00
   8.9739201e+00   4.8616395e+00
   2.8287322e+00   6.7196438e-01
   2.8323807e+00   1.0297849e-26
   0.0000000e+00   0.0000000e+00
   4.0280562e-01   0.0000000e+00
   1.3379996e+01   3.2132984e+00
   5.1145549e+00   7.5267519e+00
   0.0000000e+00   0.0000000e+00
   6.4596113e-21   9.3703006e+00
   2.8323807e+00   1.1673034e-26
   2.8323807e+00   9.0835227e-27
   0.0000000e+00   2.3585942e+00
   0.0000000e+00   2.3585942e+00
   1.4120604e+01   8.7959616e+00
   1.0120924e-01   1.2522161e+00
   2.8287322e+00   6.7196438e-01
   1.3379996e+01   3.2132984e+00
   3.1428026e+01   1.5916608e+01
   1.7628139e+01   8.3491387e+00
   1.4957416e+00   0.0000000e+00
   1.1093736e+01   1.3724734e+01
  1.6169603e-105   3.7681065e+00
   1.0271128e+01   5.0813242e+00
   4.7572070e+00   1.7177982e+01
   0.0000000e+00   0.0000000e+00
   2.8287322e+00   6.7196438e-01
   4.0280562e-01   0.0000000e+00
  6.7821223e-106   3.7681065e+00
   1.8811317e+00   4.0077236e+00
   1.3728511e+01   9.8035686e+00
  6.6531399e-106   3.7681065e+00
   2.8323807e+00   1.2776286e-26
   0.0000000e+00   2.3585942e+00
   2.7547890e+00   5.0597746e-02
   2.8323807e+00   1.0201774e-26
   6.3130693e-21   9.3703006e+00
   3.4785405e+00  1.9474461e-127
   2.7547889e+00   5.0597846e-02
   1.4829495e+01   1.0108704e+00
   1.6859707e+01   1.7859570e-05
   1.5337247e+01   6.5873419e+00
   1.4120604e+01   8.7959616e+00
   0.0000000e+00   2.3585942e+00
  4.2913837e-106   3.7681065e+00
   4.0280562e-01   0.0000000e+00
   1.8496824e+00   3.3967432e+00
   2.7261960e+01   8.3154013e+00
   2.8287322e+00   6.7196438e-01
   3.1428026e+01   1.5916608e+01
   2.2519764e+01   5.7706976e+00
   1.6582071e+01   4.2384401e+00
   1.3379996e+01   3.2132984e+00
   2.8287322e+00   6.7196438e-01
   2.7547890e+00   5.0597567e-02
   3.8570639e+01   1.5867626e+01
   3.1092704e+01   4.9868301e-06
   0.0000000e+00   0.0000000e+00
   2.2916524e+01   7.6022340e+00
   5.4729095e+01   5.3060200e-01
   3.6538747e+01   5.3067103e+00
   2.5890181e+01   7.4009155e+00
   5.8544835e+00   3.8507391e+00
   2.8323807e+00   8.9210093e-27
   2.7547890e+00   5.0597587e-02
   8.7649660e+00   1.9926251e+00
   1.1074213e+01   5.6984907e+00
   2.8287322e+00   6.7196438e-01
   1.6582071e+01   4.2384401e+00
   2.8287322e+00   6.7196438e-01
   4.0280562e-01   0.0000000e+00
   1.3379996e+01   3.2132984e+00
   7.9402999e+00   6.7644608e-01
   2.8287322e+00   6.7196438e-01
   2.8287322e+00   6.7196438e-01
   7.9796363e+00   1.0876754e-01
   4.0280562e-01   0.0000000e+00
   4.0280562e-01   0.0000000e+00
   2.8323807e+00   1.3088250e-26
   3.6635812e+01   4.1224933e+00
   2.8287322e+00   6.7196438e-01
   3.1929612e+01   4.2224319e+00
   1.6582071e+01   4.2384401e+00
   0.0000000e+00   2.3585942e+00
   3.8832945e+01   1.0898335e+01
   2.8287322e+00   6.7196438e-01
   2.8323807e+00   1.3761299e-26
   2.8287322e+00   6.7196438e-01
   5.8449421e+00   1.3983232e-67
   2.9570426e+01   9.2842653e+00
   2.8763425e+01   7.2540204e+00
   2.7547894e+00   5.0596333e-02
   2.8323807e+00   1.4076305e-26
   1.3904760e+01   3.2318026e+00
   2.9223279e+01   5.3148972e-01
   0.0000000e+00   0.0000000e+00
   5.3222907e+00   3.0405056e-02
   4.0280562e-01   0.0000000e+00
   2.0676647e+01   2.1956600e-10
   1.8291973e+01   1.7100728e-01
   1.0561979e+01   1.5270568e+00
   1.6582071e+01   4.2384401e+00
   6.4994646e-21   9.3703006e+00
   0.0000000e+00   0.0000000e+00
   2.3664015e+00   2.3159278e-43
   2.3018490e+00   0.0000000e+00
   2.8801490e+00   2.4740676e+00
   0.0000000e+00   0.0000000e+00
   0.0000000e+00   0.0000000e+00
   0.0000000e+00   0.0000000e+00
   6.3040783e+00   2.7666830e-10
   2.8323807e+00   1.3170036e-26
   1.1535512e+01   9.2528367e+00
   2.7547889e+00   5.0597827e-02
   2.8287322e+00   6.7196438e-01
   1.6582071e+01   4.2384401e+00
   1.1093736e+01   1.3724734e+01
   1.6582071e+01   4.2384401e+00
   1.8193445e+01   1.9032857e+01
   1.3904760e+01   3.2318026e+00
   1.9224158e+01   3.4277230e+00
   1.3379996e+01   3.2132984e+00
   7.9614447e+00   2.1204958e+00
   2.7547890e+00   5.0597532e-02
   2.8323807e+00   1.3095816e-26
   1.4225856e+01   7.0453322e+00
   1.1766915e+00   2.1497963e-95
   1.6582071e+01   4.2384401e+00
   2.8801490e+00   2.4740676e+00
   0.0000000e+00   0.0000000e+00
   1.7220082e+01   1.8951149e-01
   0.0000000e+00   0.0000000e+00
   2.8287322e+00   6.7196438e-01
  4.6318452e-106   3.7681065e+00
   8.7649660e+00   1.9926251e+00
   1.9094885e+01   7.9699462e+00
   0.0000000e+00   2.3585942e+00
   0.0000000e+00   0.0000000e+00
   1.9155724e+01   7.2875686e+00
   9.0588909e+00   1.7043717e+01
   3.5574916e+00   3.4932491e+00
   0.0000000e+00   0.0000000e+00
   4.7908189e+00   1.2801681e+00
   2.8323807e+00   9.9958704e-27
   6.6476521e+01   7.9248725e-01
   4.0280562e-01   0.0000000e+00
   1.1074213e+01   5.6984907e+00
   1.6530636e+01   1.9595335e+00
   7.3684578e+00   6.5615606e-05
   4.0701967e+01   1.0727162e+00
   0.0000000e+00   0.0000000e+00
   2.7547890e+00   5.0597562e-02
   1.3904760e+01   3.2318026e+00
   2.8323807e+00   1.4442745e-26
   2.8323807e+00   2.1822304e-26
   2.8287322e+00   6.7196438e-01
   6.9013034e-01   0.0000000e+00
   0.0000000e+00   0.0000000e+00
   0.0000000e+00   0.0000000e+00
   2.8801490e+00   2.4740676e+00
   8.7024270e+00   5.9888656e+00
  2.3784105e-106   3.7681065e+00
   2.8323807e+00   1.0633320e-26
   8.9739201e+00   4.8616395e+00
   1.3379996e+01   3.2132984e+00
   2.8323807e+00   1.2996269e-26
   2.8801490e+00   2.4740676e+00
   8.7024270e+00   5.9888656e+00
   2.8323807e+00   1.3746729e-26
   8.8162912e+00   2.9768264e+00
   1.1074213e+01   5.6984907e+00
   0.0000000e+00   0.0000000e+00
   2.8287322e+00   6.7196438e-01
   1.6496636e+01   4.0079747e+00
   2.4787191e+01   9.8900430e+00
   5.8800993e+01   1.2431681e+01
   2.3443481e+01   7.0671234e+00
   2.5890181e+01   7.4009155e+00
   4.2937493e+01   3.6139145e-01
  4.5449510e-106   3.7681065e+00
   2.4560990e+01   8.2783211e+00
   0.0000000e+00   2.3585942e+00
   0.0000000e+00   0.0000000e+00
   1.3728511e+01   9.8035686e+00
   2.8801490e+00   2.4740676e+00
   9.4623218e+00   2.4179245e+00
   1.3379996e+01   3.2132984e+00
   2.8801490e+00   2.4740676e+00
   0.0000000e+00   2.3585942e+00
   1.1074213e+01   5.6984907e+00
   1.6172516e+01   6.0105155e+00
   1.0515395e+01   7.0915986e-14
   1.2344320e+01   9.3091729e+00
   1.6582071e+01   4.2384401e+00
   4.7748265e+00   6.2492428e+00
   0.0000000e+00   0.0000000e+00
   1.3379996e+01   3.2132984e+00
   1.0287447e+01   1.5606632e+00
   1.0735535e+01   9.9743668e-01
   3.3067551e+01   2.9066997e-01
   6.6268675e+01   9.8269824e-01
   0.0000000e+00   2.3585942e+00
   2.8287322e+00   6.7196438e-01
   1.3904760e+01   3.2318026e+00
   1.4887987e+01   7.5710048e+00
  5.4440017e-106   3.7681065e+00
   2.7547898e+00   5.0594672e-02
   1.3379996e+01   3.2132984e+00
   2.8801490e+00   2.4740676e+00
   2.3659325e+01   1.2631282e+01
   2.8323807e+00   1.4161507e-26
   1.3904760e+01   3.2318026e+00
   4.2108288e+00   1.4005782e+01
   1.6582071e+01   4.2384401e+00
   1.3904760e+01   3.2318026e+00
   8.9295785e+00   9.2767956e+00
   0.0000000e+00   0.0000000e+00
   0.0000000e+00   2.3585942e+00
   2.4187442e+01   1.3284827e+00
   1.3379996e+01   3.2132984e+00
   8.3593402e+00   1.2701842e-01
   0.0000000e+00   0.0000000e+00
   1.6582071e+01   4.2384401e+00
   1.1977329e+01   1.2583004e+01
   4.2812582e+01   5.5458792e+00
   3.2224727e+01   1.0312422e+00
  5.4306279e-106   3.7681065e+00
   2.8323807e+00   1.6425330e-26
   5.8544835e+00   3.8507391e+00
   2.8323807e+00   1.1541250e-26
   2.7547889e+00   5.0597862e-02
   5.2456651e+01   6.2458691e+00
   5.6981085e+01   1.0664559e+01
   0.0000000e+00   0.0000000e+00
   4.6607189e+01   2.6453637e+00
   8.9188012e+00   2.3695265e+00
   1.3904760e+01   3.2318026e+00
   8.7024270e+00   5.9888656e+00
   2.8801490e+00   2.4740676e+00
   5.4081517e-01   2.2923818e+00
   2.0638556e+00   5.2499597e+00
   6.2062078e+00   2.7797499e-03
   1.1107844e+01   1.4092679e+01
   4.5788102e+00   1.5710100e+01
   0.0000000e+00   0.0000000e+00
   5.6662904e+01   1.0623338e+01
   1.5567291e+01   2.5911466e-01
   4.0280562e-01   0.0000000e+00
   2.0240246e+00   0.0000000e+00
   0.0000000e+00   0.0000000e+00
   6.3615082e+00   2.5163056e-03
   0.0000000e+00   0.0000000e+00
   1.9590489e+01   8.0331879e+00
   7.1720913e-01   1.5756589e+00
   0.0000000e+00   2.3585942e+00
   0.0000000e+00   0.0000000e+00
   0.0000000e+00   0.0000000e+00
   2.7547890e+00   5.0597655e-02
   8.6901364e+00   8.9769109e+00
   1.1074213e+01   5.6984907e+00
   6.3383553e+01   3.5949084e+00
   0.0000000e+00   0.0000000e+00
   2.7851981e+00   1.4546525e+00
  3.0917256e-106   3.7681065e+00
   0.0000000e+00   2.3585942e+00
   1.3904760e+01   3.2318026e+00
   2.6365190e+01   9.3191096e+00
   5.1666660e+00   3.2025090e-02
   1.1535512e+01   9.2528367e+00
   1.1535512e+01   9.2528367e+00
   0.0000000e+00   2.3585942e+00
   2.1661706e+00   2.6479491e+00
   4.1067441e+01   1.5637813e-03
   1.4355122e-01   1.0764119e+00
   4.9632345e+00   1.9819343e+01
  2.3436841e-106   3.7681065e+00
   0.0000000e+00   0.0000000e+00
   2.9812355e+01   1.1312820e+01
   4.3009424e+00   9.2802215e-02
   1.4355122e-01   1.0764119e+00
   1.3338942e+00   0.0000000e+00
   0.0000000e+00   0.0000000e+00
   2.7851981e+00   1.4546525e+00
   4.0280562e-01   0.0000000e+00
   4.0280562e-01   0.0000000e+00
   2.8323807e+00   1.4023855e-26
   1.1414609e+01   4.2360134e+00
   4.0424185e+01   1.0176374e+01
  4.1537744e-106   3.7681065e+00
   1.3904760e+01   3.2318026e+00
   0.0000000e+00   0.0000000e+00
   0.0000000e+00   0.0000000e+00
   2.8801490e+00   2.4740676e+00
  4.5933139e-106   3.7681065e+00
   1.4120604e+01   8.7959616e+00
   1.3379996e+01   3.2132984e+00
   0.0000000e+00   0.0000000e+00
   2.8801490e+00   2.4740676e+00
   8.7024270e+00   5.9888656e+00
   3.4785405e+00  2.2247728e-127
   4.0090722e+00   1.9521685e-35
   1.3379996e+01   3.2132984e+00
   2.8323807e+00   1.4513909e-26
   2.8801490e+00   2.4740676e+00
   1.2184133e+00   0.0000000e+00
   2.7547890e+00   5.0597660e-02
   2.4899850e+01   9.3627701e+00
   8.9739201e+00   4.8616395e+00
   1.6582071e+01   4.2384401e+00
   0.0000000e+00   2.3585942e+00
   2.5677749e+01   4.7710331e+00
  3.4006911e-106   3.7681065e+00
   6.9240786e-21   9.3703006e+00
   3.3354423e+01   1.2211475e+01
  3.2240074e-106   3.7681065e+00
   7.3999762e+00   2.4442230e-01
   2.7547891e+00   5.0597392e-02
   1.1535512e+01   9.2528367e+00
   2.2916524e+01   7.6022340e+00
   2.8287322e+00   6.7196438e-01
   2.8323807e+00   1.4424533e-26
   1.3379996e+01   3.2132984e+00
   2.8323807e+00   1.2160330e-26
   3.3915491e+01   1.0100541e+01
  4.1876933e-106   3.7681065e+00
   2.7547890e+00   5.0597527e-02
   2.2574075e+01   1.1895279e+01
   8.9739201e+00   4.8616395e+00
   8.7024270e+00   5.9888656e+00
   1.4120604e+01   8.7959616e+00
   1.6582071e+01   4.2384401e+00
   3.8570639e+01   1.5867626e+01
   2.8287322e+00   6.7196438e-01
   3.7658652e+00  1.0916815e-129
   0.0000000e+00   2.3585942e+00
   7.6096446e+00   2.2463835e-23
   1.4918032e+01   1.0518017e-03
   1.1074213e+01   5.6984907e+00
   1.7132601e+00   6.7962756e+00
   4.0090722e+00   1.4247992e-35
   2.5474747e+01   1.1525228e+01
   2.7250882e+01   5.3535574e+00
   2.7547889e+00   5.0597972e-02
   8.4071607e+00   4.8233808e+00
   4.2689657e+01   6.9613478e-08
   2.3443481e+01   7.0671234e+00
   7.0700306e-01   6.6159111e+00
   0.0000000e+00   2.3585942e+00
   1.1074213e+01   5.6984907e+00
   1.3379996e+01   3.2132984e+00
   0.0000000e+00   2.3585942e+00
   1.4120604e+01   8.7959616e+00
   2.8323807e+00   1.2312587e-26
   2.8323807e+00   1.0426408e-26
  2.9977089e-106   3.7681065e+00
   2.8323807e+00   1.1895621e-26
   0.0000000e+00   0.0000000e+00
   2.8287322e+00   6.7196438e-01
   2.5890181e+01   7.4009155e+00
  4.7453577e-106   3.7681065e+00
   1.0712512e+01   1.0180691e+01
   1.9627420e-02   3.9362993e+00
   1.4115007e+01   4.2212733e+00
   5.8544835e+00   3.8507391e+00
   1.3904760e+01   3.2318026e+00
   1.1074213e+01   5.6984907e+00
   8.2329378e+00   9.9326969e-01
   1.5787517e+01   2.2864203e+00
   1.2020020e+01   2.0436746e+00
   2.8323807e+00   1.8398476e-26
   0.0000000e+00   2.3585942e+00
   5.5841994e+00   2.3005474e+00
   1.0712512e+01   1.0180691e+01
   2.8287322e+00   6.7196438e-01
   1.4120604e+01   8.7959616e+00
   2.8323807e+00   1.0811852e-27
   1.0120924e-01   1.2522161e+00
   1.0693308e+01   3.8436564e+00
   2.7547890e+00   5.0597676e-02
   2.8323807e+00   6.1855865e-27
   1.3379996e+01   3.2132984e+00
   2.7547890e+00   5.0597783e-02
   8.7024270e+00   5.9888656e+00
   4.7748265e+00   6.2492428e+00
   0.0000000e+00   0.0000000e+00
   1.0325073e+00   3.4156370e-19
   4.0280562e-01   0.0000000e+00
   2.8801490e+00   2.4740676e+00
  1.1000685e-105   3.7681065e+00
   2.8287322e+00   6.7196438e-01
   1.6582071e+01   4.2384401e+00
   0.0000000e+00   2.3585942e+00
   2.7547890e+00   5.0597558e-02
   2.8801490e+00   2.4740676e+00
   1.1399655e-09   2.1879740e+00
   2.1184559e+01   6.0162552e+00
   1.6744153e+01   2.0828043e+00
   8.7024270e+00   5.9888656e+00
   8.9739201e+00   4.8616395e+00
   6.5430096e+00   1.2944919e+01
   0.0000000e+00   2.3585942e+00
   2.3443481e+01   7.0671234e+00
   4.3406933e+00   1.1070706e-42
   2.8323807e+00   1.3206881e-26
   2.5474747e+01   1.1525228e+01
   2.8323807e+00   1.4593541e-26
   2.7547889e+00   5.0597979e-02
   3.4948872e-01   1.2218190e+00
   0.0000000e+00   0.0000000e+00
   0.0000000e+00   0.0000000e+00
   0.0000000e+00   0.0000000e+00
   1.1535512e+01   9.2528367e+00
   8.5744851e+00   8.1925036e+00
   2.8801490e+00   2.4740676e+00
   4.0280562e-01   0.0000000e+00
   0.0000000e+00   0.0000000e+00
   2.5859856e+01   1.1896719e+01
   0.0000000e+00   0.0000000e+00
   2.9557359e+01   1.3628799e+01
   9.3429194e+00   8.4139537e+00
   5.5926359e+00   3.1414751e-08
   1.4353129e+00   9.1040535e-29
   4.1085152e+00   3.3788081e-01
   2.1992756e+00   1.2056437e+00
   6.5430096e+00   1.2944919e+01
   1.3379996e+01   3.2132984e+00
   4.0280562e-01   0.0000000e+00
   0.0000000e+00   0.0000000e+00
   4.0280562e-01   0.0000000e+00
   3.4948872e-01   1.2218190e+00
   3.4948872e-01   1.2218190e+00
   1.4247642e+01   3.8643538e+00
   1.3379996e+01   3.2132984e+00
   0.0000000e+00   0.0000000e+00
   6.9013034e-01   0.0000000e+00
   1.0325073e+00   3.3460952e-19
   2.8058571e+00   3.6435425e+00
  3.9908209e-106   3.7681065e+00
   3.5596525e+01   6.2909389e+00
   4.8781461e+00   6.4027067e+00
   1.2240123e+01   2.5299985e+00
   1.0605878e+00   1.1347586e+00
   0.0000000e+00   0.0000000e+00
   1.4120604e+01   8.7959616e+00
   2.7547893e+00   5.0596530e-02
   2.8287322e+00   6.7196438e-01
   8.9739201e+00   4.8616395e+00
   0.0000000e+00   0.0000000e+00
   1.0605878e+00   1.1347586e+00
   0.0000000e+00   0.0000000e+00
   1.1628189e+01   9.9765979e-01
   3.4948872e-01   1.2218190e+00
   0.0000000e+00   0.0000000e+00
   6.4376390e-01   0.0000000e+00
   5.5710290e+00   4.8689127e+00
   4.0280562e-01   0.0000000e+00
   0.0000000e+00   0.0000000e+00
   1.1535512e+01   9.2528367e+00
   8.7024270e+00   5.9888656e+00
   6.9013034e-01   0.0000000e+00
   0.0000000e+00   2.3585942e+00
   0.0000000e+00   0.0000000e+00
   2.7547888e+00   5.0598179e-02
   0.0000000e+00   0.0000000e+00
   1.1093736e+01   1.3724734e+01
   3.4741572e+00   1.5616954e-23
   4.7748265e+00   6.2492428e+00
   1.1019976e-09   2.1879740e+00
   6.0288091e+01   2.2099460e+00
   0.0000000e+00   0.0000000e+00
   0.0000000e+00   0.0000000e+00
   0.0000000e+00   0.0000000e+00
   1.3432155e+01   4.9330480e-02
   6.9013034e-01   0.0000000e+00
   1.1330785e+01   9.0587337e+00
   0.0000000e+00   0.0000000e+00
   2.8323807e+00   1.5114763e-26
   6.1637486e+00   1.4085334e+01
   0.0000000e+00   0.0000000e+00
   0.0000000e+00   0.0000000e+00
   0.0000000e+00   0.0000000e+00
   3.6663466e+00   2.3829061e-06
   3.2768674e+01   2.2091513e+00
   2.7547890e+00   5.0597615e-02
   3.8725094e+00   1.1032944e+01
   3.4785405e+00  2.2369221e-127
   2.8323807e+00   1.3735516e-26
   2.8801490e+00   2.4740676e+00
   8.7024270e+00   5.9888656e+00
   2.7547890e+00   5.0597700e-02
   1.6506696e+01   1.2443254e+00
   2.8287322e+00   6.7196438e-01
   2.7547890e+00   5.0597595e-02
   1.3379996e+01   3.2132984e+00
   2.8732472e-01   0.0000000e+00
   0.0000000e+00   0.0000000e+00
  5.6563613e-106   3.7681065e+00
   0.0000000e+00   0.0000000e+00
   2.6380413e+01   4.7524033e+00
   0.0000000e+00   0.0000000e+00
   4.0280562e-01   0.0000000e+00
   0.0000000e+00   0.0000000e+00
   2.8801490e+00   2.4740676e+00
   0.0000000e+00   0.0000000e+00
   1.1103221e-20   9.3703006e+00
   2.7547889e+00   5.0597980e-02
   9.7745506e-01   0.0000000e+00
   2.2364433e+00   2.6221682e-06
   0.0000000e+00   0.0000000e+00
   2.8287322e+00   6.7196438e-01
   0.0000000e+00   0.0000000e+00
   0.0000000e+00   2.3585942e+00
   7.9534535e-31   4.5465682e+00
   4.0280562e-01   0.0000000e+00
  3.5120451e-106   3.7681065e+00
   2.8801490e+00   2.4740676e+00
   2.8323807e+00   7.5510670e-27
   4.0280562e-01   0.0000000e+00
   1.0325073e+00   1.0976861e-19
   2.8801490e+00   2.4740676e+00
   6.9013034e-01   0.0000000e+00
   0.0000000e+00   0.0000000e+00
   0.0000000e+00   0.0000000e+00
   0.0000000e+00   0.0000000e+00
   0.0000000e+00   0.0000000e+00
   2.8801490e+00   2.4740676e+00
   0.0000000e+00   0.0000000e+00
   0.0000000e+00   0.0000000e+00
   0.0000000e+00   0.0000000e+00
   0.0000000e+00   0.0000000e+00
   7.7093652e+01   2.0925490e-07
   2.8801490e+00   2.4740676e+00
   0.0000000e+00   0.0000000e+00
   4.9632345e+00   1.9819343e+01
   0.0000000e+00   0.0000000e+00
   6.8085275e+01   1.9378371e-04
   1.7316812e+01   1.4890303e-02
   3.3354423e+01   1.2211475e+01
   4.9158241e+01   3.6448790e+00
   2.5859856e+01   1.1896719e+01
   5.5841994e+00   2.3005474e+00
   7.4501978e+01   1.1112612e+00
   8.7024270e+00   5.9888656e+00
   1.3379996e+01   3.2132984e+00
   0.0000000e+00   0.0000000e+00
   2.2268590e+01   1.2327028e+01
   2.2244551e+01   1.2479443e+01
  6.9481227e-106   3.7681065e+00
   0.0000000e+00   0.0000000e+00
   0.0000000e+00   0.0000000e+00
   1.4225856e+01   7.0453322e+00
  5.2422291e-106   3.7681065e+00
   5.5841994e+00   2.3005474e+00
   0.0000000e+00   0.0000000e+00
   7.3264732e+00   4.9139259e+00
   1.4355122e-01   1.0764119e+00
   0.0000000e+00   2.3585942e+00
   0.0000000e+00   0.0000000e+00
   7.3264732e+00   4.9139259e+00
   0.0000000e+00   0.0000000e+00
   0.0000000e+00   0.0000000e+00
   0.0000000e+00   0.0000000e+00
   4.0280562e-01   0.0000000e+00
   5.2828300e-01   0.0000000e+00
  4.5868315e-106   3.7681065e+00
  3.7303765e-106   3.7681065e+00
   2.8287322e+00   6.7196438e-01
   0.0000000e+00   2.3585942e+00
   5.5841994e+00   2.3005474e+00
   2.3659325e+01   1.2631282e+01
   0.0000000e+00   0.0000000e+00
  6.9528652e-106   3.7681065e+00
   1.6582071e+01   4.2384401e+00
   0.0000000e+00   2.3585942e+00
   1.3904760e+01   3.2318026e+00
   3.5537098e+00   2.1400951e+00
   2.8287322e+00   6.7196438e-01
   1.3379996e+01   3.2132984e+00
   0.0000000e+00   2.3585942e+00
  3.8498421e-106   3.7681065e+00
   1.4120604e+01   8.7959616e+00
   0.0000000e+00   0.0000000e+00
   1.0584963e+01   3.7782939e+00
   0.0000000e+00   0.0000000e+00
   2.6015540e+01   9.8243902e+00
   1.9186169e+01   6.1955340e+00
   4.0280562e-01   0.0000000e+00
   1.7239116e+00   1.0535473e+00
   2.5890181e+01   7.4009155e+00
   0.0000000e+00   2.3585942e+00
   1.7464926e+00   3.9531421e+00
   2.8323807e+00   1.3185541e-26
   2.0860235e+01   8.8327662e+00
   1.3904760e+01   3.2318026e+00
   7.1935915e+01   6.7247888e-01
   1.3904760e+01   3.2318026e+00
   1.3904760e+01   3.2318026e+00
   2.5189933e+01   5.7536419e+00
   1.2344320e+01   9.3091729e+00
   1.3379996e+01   3.2132984e+00
   2.8287322e+00   6.7196438e-01
   2.7547892e+00   5.0596842e-02
   3.6007610e+01   2.0105003e-02
   2.7851981e+00   1.4546525e+00
   4.1274632e+01   4.7942347e+00
   3.2204488e+01   3.4095516e+00
   4.0280562e-01   0.0000000e+00
   0.0000000e+00   0.0000000e+00
   0.0000000e+00   0.0000000e+00
   4.0280562e-01   0.0000000e+00
   6.9959535e+01   3.3942783e-07
   1.6582071e+01   4.2384401e+00
   4.7875151e+01   4.3683691e+00
   9.7268208e+00   5.1576417e-04
   1.4372547e+01   2.1243827e-02
   1.7198034e+01   4.2326640e+00
   4.3009425e+00   9.2802052e-02
   6.9013034e-01   0.0000000e+00
   8.7024270e+00   5.9888656e+00
   2.8287322e+00   6.7196438e-01
  2.5720580e-106   3.7681065e+00
   1.1093736e+01   1.3724734e+01
   8.8358587e+00   5.5064888e+00
   3.4785405e+00  2.5137507e-127
   1.3379996e+01   3.2132984e+00
   4.0280562e-01   0.0000000e+00
   1.9113382e+01   7.4633728e+00
   6.5678036e+01   1.9734573e-01
   0.0000000e+00   0.0000000e+00
   1.3904760e+01   3.2318026e+00
   6.5430096e+00   1.2944919e+01
   2.8323807e+00   1.2968451e-26
   2.6015540e+01   9.8243902e+00
   0.0000000e+00   0.0000000e+00
   8.9739201e+00   4.8616395e+00
   0.0000000e+00   2.3585942e+00
   2.8287322e+00   6.7196438e-01
   0.0000000e+00   0.0000000e+00
   2.8287322e+00   6.7196438e-01
   1.8131980e+01   5.8999266e+00
   2.8287322e+00   6.7196438e-01
   8.7884675e+00   2.7720741e+00
  4.0878878e-106   3.7681065e+00
   9.3108862e-01   0.0000000e+00
   1.3904760e+01   3.2318026e+00
  4.2868540e-106   3.7681065e+00
   1.6582071e+01   4.2384401e+00
   0.0000000e+00   0.0000000e+00
   9.4211869e+00   3.0762324e+00
   8.7024270e+00   5.9888656e+00
   2.8287322e+00   6.7196438e-01
   2.3806919e+01   1.0704849e+01
   0.0000000e+00   0.0000000e+00
   3.8899076e+01   5.3382471e+00
   0.0000000e+00   0.0000000e+00
   8.9739201e+00   4.8616395e+00
   0.0000000e+00   0.0000000e+00
   2.8287322e+00   6.7196438e-01
   0.0000000e+00   0.0000000e+00
   4.0280562e-01   0.0000000e+00
   2.8287322e+00   6.7196438e-01
   3.8247205e+01   5.8749006e+00
   2.3845086e+01   6.4158616e-01
   1.5748525e+00   0.0000000e+00
   2.9557359e+01   1.3628799e+01
   1.3379996e+01   3.2132984e+00
   1.3379996e+01   3.2132984e+00
   2.7547890e+00   5.0597490e-02
   2.8287322e+00   6.7196438e-01
   1.3379996e+01   3.2132984e+00
   2.4416499e+00   4.6504061e-26
   2.8323807e+00   1.4025017e-26
  4.4105842e-106   3.7681065e+00
   2.8323807e+00   1.0388995e-26
   0.0000000e+00   0.0000000e+00
   2.8287322e+00   6.7196438e-01
   1.3379996e+01   3.2132984e+00
   4.0280562e-01   0.0000000e+00
   1.0544865e+01   7.1851068e+00
   2.8323807e+00   1.1815326e-26
   1.1127124e+00   4.8964834e+00
   1.2344320e+01   9.3091729e+00
   2.8323807e+00   1.2709652e-26
   2.7547888e+00   5.0598315e-02
   2.7547890e+00   5.0597657e-02
   1.4225856e+01   7.0453322e+00
   8.8294958e+00   1.0301529e+01
   9.7415089e+00   7.8594811e-12
   4.0024402e+00   6.2673015e-28
   1.1535512e+01   9.2528367e+00
   4.5669524e+01   5.1250459e+00
   4.0693110e+01   9.1040083e-02
   3.6663465e+00   2.4154430e-06
   2.4756118e+01   3.1493364e+00
   4.9077354e+01   1.8583597e+01
   2.7547890e+00   5.0597518e-02
   1.6582071e+01   4.2384401e+00
   1.5721179e+01   4.9717861e+00
   1.6582071e+01   4.2384401e+00
   2.8287322e+00   6.7196438e-01
  7.6154816e-106   3.7681065e+00
   1.6582071e+01   4.2384401e+00
   1.6582071e+01   4.2384401e+00
   0.0000000e+00   0.0000000e+00
   2.8323807e+00   1.3069574e-26
   2.8287322e+00   6.7196438e-01
   2.8323807e+00   1.2017275e-26
   0.0000000e+00   2.3585942e+00
   1.2344320e+01   9.3091729e+00
   9.8406789e+00   6.2800056e-15
   4.6804696e+01   3.5581284e-01
   8.7909672e+00   5.1724075e+00
   2.4707687e+00   7.8417555e-02
   2.8323807e+00   1.0304469e-26
   3.8173279e+01   8.6777544e-04
   2.7547890e+00   5.0597656e-02
   3.4893097e+01   9.3384166e+00
   2.2916524e+01   7.6022340e+00
   5.1757704e+00   1.4768142e+01
   2.7094039e+01   1.0139535e-02
   2.7547889e+00   5.0597889e-02
   5.9238073e+01   2.0869205e+00
   4.0700206e+01   3.0282722e-02
   1.3379996e+01   3.2132984e+00
   2.5890181e+01   7.4009155e+00
   5.4999047e+00   3.1217225e-04
   2.8287322e+00   6.7196438e-01
   1.1535512e+01   9.2528367e+00
   5.9387816e+01   7.2405262e+00
   1.3379996e+01   3.2132984e+00
   3.8521290e+01   1.0160247e+00
   2.8323807e+00   1.5655391e-26
   2.8287322e+00   6.7196438e-01
   2.8287322e+00   6.7196438e-01
   2.6057213e+01   1.4847435e+01
   1.1720469e+00   0.0000000e+00
   0.0000000e+00   0.0000000e+00
   2.8323807e+00   1.0886005e-26
   0.0000000e+00   0.0000000e+00
   5.9743048e+01   1.3846394e+01
   0.0000000e+00   0.0000000e+00
   9.9307226e+00   8.3161710e-01
   9.3108862e-01   0.0000000e+00
   1.1074213e+01   5.6984907e+00
   0.0000000e+00   0.0000000e+00
   4.0280562e-01   0.0000000e+00
   1.3904760e+01   3.2318026e+00
   0.0000000e+00   0.0000000e+00
   1.6582071e+01   4.2384401e+00
   2.1992756e+00   1.2056437e+00
   8.7024270e+00   5.9888656e+00
   2.5859856e+01   1.1896719e+01
   2.8323807e+00   1.5330706e-26
   1.3904760e+01   3.2318026e+00
   1.4225856e+01   7.0453322e+00
   2.8801490e+00   2.4740676e+00
   2.8287322e+00   6.7196438e-01
   1.1074213e+01   5.6984907e+00
   1.0712512e+01   1.0180691e+01
   2.1294112e+00   3.9773265e+00
   4.0280562e-01   0.0000000e+00
  4.7516757e-106   3.7681065e+00
   8.7024270e+00   5.9888656e+00
   1.1074213e+01   5.6984907e+00
   2.8287322e+00   6.7196438e-01
   0.0000000e+00   1.2646072e+00
   0.0000000e+00   0.0000000e+00
   4.0776885e+00   2.3673931e-20
   4.9452779e+01   1.8491957e+01
   1.6582071e+01   4.2384401e+00
   1.3379996e+01   3.2132984e+00
   1.3379996e+01   3.2132984e+00
   5.0746278e+00   2.2135228e+00
   2.8323807e+00   1.8609725e-26
   5.3263440e+00   2.6599373e+00
   2.7547891e+00   5.0597090e-02
   1.1535512e+01   9.2528367e+00
   1.1535512e+01   9.2528367e+00
   2.8801490e+00   2.4740676e+00
   2.7547891e+00   5.0597422e-02
   2.8323807e+00   1.3530635e-26
   9.3429194e+00   8.4139537e+00
   2.7547890e+00   5.0597768e-02
  3.5104128e-106   3.7681065e+00
   1.3904760e+01   3.2318026e+00
   1.6582071e+01   4.2384401e+00
   8.9739201e+00   4.8616395e+00
   0.0000000e+00   0.0000000e+00
   1.6277087e+01   7.6198906e+00
   2.8287322e+00   6.7196438e-01
   1.5870575e+00   2.2353549e+00
   4.3009425e+00   9.2801961e-02
   9.3999538e+00   2.3644465e+00
   3.7614819e+00   8.6804674e-26
   0.0000000e+00   0.0000000e+00
   2.0582025e+01   1.7881755e+01
   5.3263440e+00   2.6599373e+00
   6.9013034e-01   0.0000000e+00
   6.3656397e+00   1.3889619e-01
   1.5640938e+01   2.2410711e+01
   7.3872914e+00   7.5281334e-02
  4.3323544e-106   3.7681065e+00
   2.7547892e+00   5.0596995e-02
   2.7547890e+00   5.0597777e-02
   2.8801490e+00   2.4740676e+00
   0.0000000e+00   2.3585942e+00
   1.1074213e+01   5.6984907e+00
   1.6582071e+01   4.2384401e+00
   2.8323807e+00   1.1127344e-26
  4.8588528e-106   3.7681065e+00
   3.4737551e+01   2.0538036e+01
   0.0000000e+00   2.3585942e+00
   2.7547890e+00   5.0597675e-02
   2.7547889e+00   5.0597873e-02
   0.0000000e+00   2.3585942e+00
   1.3904760e+01   3.2318026e+00
   1.1535512e+01   9.2528367e+00
   0.0000000e+00   0.0000000e+00
  4.4022735e-106   3.7681065e+00
   1.3379996e+01   3.2132984e+00
   1.4120604e+01   8.7959616e+00
   2.8801490e+00   2.4740676e+00
   1.6582071e+01   4.2384401e+00
   6.7806570e+00   8.8183963e-02
   4.4804942e+00   4.5975500e-23
   3.5891377e+01   2.3181275e-02
   1.4161688e+01   4.8210438e-01
   5.0748248e+00   1.1978629e+01
   0.0000000e+00   0.0000000e+00
   2.2482782e+01   1.1182184e+00
   1.9019251e+01   1.0826060e+01
   4.0280562e-01   0.0000000e+00
   2.8287322e+00   6.7196438e-01
   2.8801490e+00   2.4740676e+00
   2.6308179e+01   1.5124146e+01
   0.0000000e+00   0.0000000e+00
   3.2547007e+00   1.4982698e-01
   1.3904760e+01   3.2318026e+00
   2.8323807e+00   2.0941603e-26
   0.0000000e+00   1.2646072e+00
   2.7547890e+00   5.0597587e-02
  5.1425319e-106   3.7681065e+00
   8.7024270e+00   5.9888656e+00
   8.7024270e+00   5.9888656e+00
   2.8323807e+00   1.0439779e-26
   0.0000000e+00   2.3585942e+00
   2.8323807e+00   2.1280609e-26
   2.8287322e+00   6.7196438e-01
   1.3904760e+01   3.2318026e+00
   1.0325073e+00   4.7964711e-19
   4.2480430e+00   2.1251762e-28
   1.6582071e+01   4.2384401e+00
   1.6582071e+01   4.2384401e+00
  4.0964509e-106   3.7681065e+00
   0.0000000e+00   0.0000000e+00
   0.0000000e+00   2.3585942e+00
   4.0280562e-01   0.0000000e+00
   2.5189933e+01   5.7536419e+00
   3.8535740e+01   1.3003102e-03
   3.2345135e+01   3.6346087e-01
   0.0000000e+00   0.0000000e+00
  8.4873195e-107   3.7681065e+00
   3.6828928e+01   6.2894667e+00
   4.0565658e+01   4.5002188e+00
  5.0516476e-106   3.7681065e+00
   5.0970418e+01   2.1730741e-02
   4.3009425e+00   9.2802016e-02
   3.8337618e+00   8.9693761e+00
   1.3904760e+01   3.2318026e+00
   2.7547890e+00   5.0597667e-02
   2.9782319e+01   1.6162922e-04
   2.8323807e+00   1.2278565e-26
   1.3379996e+01   3.2132984e+00
   1.6582071e+01   4.2384401e+00
   2.8801490e+00   2.4740676e+00
   0.0000000e+00   0.0000000e+00
   2.8801490e+00   2.4740676e+00
   1.3379996e+01   3.2132984e+00
   0.0000000e+00   0.0000000e+00
   2.8287322e+00   6.7196438e-01
   0.0000000e+00   0.0000000e+00
   2.5890181e+01   7.4009155e+00
   1.8064294e+01   2.7170948e+00
   0.0000000e+00   0.0000000e+00
   0.0000000e+00   0.0000000e+00
   9.7449191e+00   1.5147352e+00
   0.0000000e+00   0.0000000e+00
   8.9479725e+00   5.9225991e-10
   1.2593208e+01   1.6493359e+00
   1.3379996e+01   3.2132984e+00
   1.3904760e+01   3.2318026e+00
   2.5478555e+01   1.4572339e-01
   9.3429194e+00   8.4139537e+00
   0.0000000e+00   0.0000000e+00
   2.7547890e+00   5.0597586e-02
   5.4085226e+01   3.0918999e+00
   2.8323807e+00   1.2395904e-26
   4.1327580e+01   1.1833182e+01
   0.0000000e+00   0.0000000e+00
   4.6554617e-21   9.3703006e+00
   1.7634515e+00   1.5186320e+00
   3.5716265e+01   1.1618480e+01
